120104196004245511
120104196501236392
120106196005106516
12010619690327452X
142126197210054239
211202197210171015
120107197211034518
43102419810816361X
230402197901300318
120221197103260027
23060319760819041X
120105198004172418
120101197708310014
120101198108022515
42011119721209733X
120104196812236314
120102197104282071
37072719720729811X
120224197910101953
120105197602030618
120110197606280914
340321197406140010
120102197008271073
120105197006300319
120105196111214848
120108197505181018
120106197506030526
120102196903231436
120104196510146321
37292219740703171X
211323197209230644
140430198210197225
220403197112161516
120101197702093047
420602197711191030
130203197909105113
222301197604090316
372826197205210031
321022197101275819
372826196911133710
210624197411096612
12010419720829255X
120103197409211414
120102198201222921
120105198105110320
120224197806081315
120102197212171424
120104197205246021
140102197707180633
110108197612059331
120102197301261421
120102196210020716
120102196108291077
120222196909030046
120222197811187517
222302197210272113
120104196603166372
120223197301184849
120105196210265130
120105196208064217
120102197208232175
420106197412024839
120105197401033935
120103197512235414
510403197506022112
120104196712021228
120102196212261062
120222197904295410
120113197209252417
130225197905101930
120222197202234058
230804197205190535
372831197207031214
120223197402280012
230302197810285030
120102198010051410
120113197901163218
120225197302014975
12011019660206091X
120224197207210031
120103197201102614
422123197508102158
120104197310286332
43062419720820181X
120106198111182511
230702197012300517
220102198501125916
110108197505292218
220182198009090215
650103197303222311
120222197309271414
320829197108221255
422427197110160114
120101196804254011
120103196311022610
362201197412220417
120103196609295865
120224197301265012
12010319640916641X
120101197602284030
120106197511201553
610103196802042436
230103196602123230
120102197403200216
120104196506046336
120225197211270025
12010419660612635X
12022419770930621X
211103197210053212
420111197310197318
321083197912290353
120103197301162614
120105197003100012
120105195908111235
370726197211050313
220402197602185012
13232519720904401X
130521198003123538
120111197102084019
120105196901310041
440301197110275619
120103196704185429
120101197711270025
120101196411010518
120104197208253817
120106197708170519
36240119741112204X
120109197206081013
120102196302081102
650300197005185913
230403197203020032
130203197712030920
131127198108231997
12010419621203601X
120108196005251513
120102196305302038
120102197012211479
120103195610061711
120102196203271090
120110196708260020
150204197711210620
362502197702270458
120101196502090517
120112196509151676
120104197512264326
130402197901182450
120101198001273517
372832197712258512
120103196109247015
120103196911200310
120105197502090613
120101197407282013
120105196509015144
120102197309151737
120102197109232479
120105197204105143
120101198002033515
120103196708145440
42010619660720523X
120113197101141627
110108197008202330
120105196209240323
320102196507042833
220302197707260415
120101197710314516
310112197202090098
230304197701075416
320704197109141537
371102198003290517
41032419720422001X
130603196705300918
230103196803185577
120105196506121822
12010419650521633X
120105196804292419
130403197412172119
12010519811107301X
120102198004181171
130603197006250012
120101196011171515
152301197205150037
120104196705206312
512224197411280314
120102195912091477
42010619710912487X
120105196612240323
120223198109052330
120104197207091510
130107198202241511
120104196409196332
120104196811085518
120102197802250739
120103196701245422
120103196701135426
110108197203072236
120108197110251034
120103196906272117
650102197204241617
120102196011022495
362523197807075618
120102196209290778
120105196212210010
12010719660116361X
120104197308066314
120109197203010535
220322198406061172
12010719701104421X
230124198512097017
120107196703225113
130603197410040957
220204197202132917
220625198509201516
120224197205275026
120108197005160018
120108197204060511
120109196712065054
12022219760229261x
120110196809240010
120101196201082572
120224198407221514
140104197303300814
120108196411071518
12010719701128781X
120104196608276335
130204198305303910
420106197007144853
220204197705212759
110108197009256015
120108197104060514
320402197205190815
120101197401142052
652901198205190413
12010919650501553X
120107196908024219
120107197108044515
652402197202215712
120108196707290517
12022419740228153X
120107196811293914
120107197707024524
120109197511080519
120112197106261314
120221197506050024
120105198411035728
152629197502241018
120109197109125520
120108196909291016
12010819681012084X
120107197005202410
120109196505150010
120101197210044038
120223198201290171
120107196708124530
120108198407010543
120107197404262410
362221197501081514
120111196402110018
120108197211171519
120106196807131561
610123197308053279
120108196809131517
120109197309090537
120112197105313311
120107196212074517
440301197001265630
120107196710134535
612523197305252719
120107196309102430
120108196801250554
120108196601030530
120107196501282435
210381198211190415
120112196601190053
120102197801311077
120104196406073812
310112197410270034
120223196006070174
120224197204217510
211202197308012514
120104197405206323
130221197011175142
120105196610083328
120104196811086318
120106197204291034
12010519710304031X
120105197701284218
120102198404233217
372831197001305611
120101198208114038
120101197901293578
120106198307170010
342622198006044635
120105196402223314
120105197812124217
120224197602232636
120106197011045558
120102197408181069
120104197003233230
120224198508290017
12010319801116451X
120102196406140218
120106197607042016
120101196408164532
210319197205194118
372801197203295353
120101196211112034
370724197805020311
12010419760513511X
120107198101100611
420921197811164713
12010219620114109X
362401197303102017
22021119780228001X
120105197607170011
372925198404223314
522501197305101224
120106197108070012
220104197008284153
120105196312130018
120102198010271069
110108197207242255
120105197110255175
12010519720105511X
120102197901252174
120101197810302037
210724197812174429
211403198105249628
120222198302247870
120104197510257624
120104198312034328
120105198001030019
130603196803170977
120105197205070624
372431197411142710
120102196204032016
120106196206271032
120102197610113190
120104196205235512
511125196607074016
120101197010035516
120103196704056424
120105196312024215
120105196209180316
210603197402112017
120105196207141217
120104196403196358
12010319721010542X
120105196304100054
120102198101141454
120109196808091011
12022219720725041X
120105196305031230
120105197011223637
120102196302122015
120105197111265156
120105197912141217
120102197209271416
120102198307255617
120224197101206819
120104196404206378
120103197302286416
120104196909236812
120105197005235113
120105195901080333
120104195810183816
630104197210273024
120104196501116323
120102196211150213
120112196212040019
120103196301100734
120112197109091314
120108197703010017
120107196809074819
120102198010261426
120105197109140012
120222197206190021
510222197208180014
650300197211210032
120103196311304810
132129197211162837
120112197307123313
220102197210293325
130404197310252413
120101198109271513
130603197604180958
120104196302202536
120225197102110815
120105197601114828
120102196403031171
120105196311045110
120102196606281197
12010219651126161X
610103196410292479
120105197710012417
120103196309025150
120104197905107612
120101198002264516
12011219680615163X
130622198111058034
220204197306192711
120102197103291419
511025197211124434
220203197707263027
120221197311150017
220204197310262911
120103197708211713
231003197305152529
120223198302070178
120104198305315519
130902197507080162
120103197511161150
120103197603090011
120105196907020344
12011219621026043X
130224197804152716
12010519621123511X
120101196412140517
120101196308143558
120101196807131519
120102196212092334
120106196308284539
210726197303110710
120105197604163924
150123198112110028
370783198309216918
120103196501028116
12010119680827153X
120105196907284817
120112197104190436
120112197008050935
130603196703260932
120103196211081429
120102195908011737
120105196406223311
120105197611232115
12010519610218005X
120104196501206396
120104196608076317
120106196811220014
120101196311120517
120104196705162516
120104197011221213
120104198111057646
360104197209100411
120106196804201042
130682198006132411
120102197008121278
120104198402172134
120103197310196429
120105198102116014
120105197010010015
120223198111092673
12010919760522101X
120104197606110416
12010119750311102X
132821197305275936
120101196803144021
120103196305042615
142123197306060511
13020319701125151X
120222197401052214
120105197010215125
612133197109053617
321281198408140199
120104197207255511
220202197311283316
120101198309205019
120102196607121718
120104197511287614
120101198408301532
120104196202124374
120106196309101538
12010619711101701X
120101197906302015
120221197810280019
120102197206062491
120103196910196137
512224197109067715
654223197603230019
120102197303150514
12010619800215153X
120103197305017019
211321197109120664
620523197210242016
220104197309184148
120104197412126321
120105197502075114
120104197703201213
120105197801222110
120110197611300019
220221197106200015
220104197105114113
120104197105054727
120104196809021814
120112197301250434
362334197212212810
120104196201182951
120102196610311061
610103197007302416
120101198201273538
130227197308301611
120104197703263510
12010119770827253X
210106197808251211
630104197309200511
642102197502160313
120106196601050539
150402197212240911
120103196405031112
120101195809261558
120104196404106318
370802197606073637
230503197208240216
120103197006075112
12011019720701124X
120108196306100516
130703197504190310
420106196704124810
120110197411170926
120103197410021714
120102197402130535
372524197905040011
120105197203055148
120106197505207019
120221198211060019
120224197903180016
130681198308134977
120102198011060546
420106197608074854
120102198108153175
130183198206021141
120107196904281218
120101196210234013
12022319770316017X
120102196208231717
120103196605235451
120102196401101092
130502198112030913
211422198001251810
152321198205098136
120101198212081013
120105197702114819
110221197210112618
120103198208204212
120106197808133520
120102197007060020
120103197407236116
130223198107200637
12010219760607327X
120105197611133934
650103198301300640
120103196209052610
120102196807290938
120105197705215113
120104196212156054
130603197104040019
120102197002061745
120105196710250031
12010219731212246X
12010519760127002X
522527198007240013
510107197305180033
120102196401012030
610103196610013630
120102197702140364
120101196804121534
360104197406231912
120222196305130070
120225197001054973
120225197109270010
370623197612081618
120225195804050096
120225197602280028
120225196007010133
110108197509256011
120225198001190056
120225197303123196
120225197211254519
120225197102132782
120225196311270116
12022519710922003X
120225197509170019
120225196910190038
120225196908104313
12022519710727005X
120225198006294540
110108197701036027
120225197410280816
120225196311270095
120225198009282393
120104196609306356
120225197210220018
130603196912184518
120225197112272375
120225197209132678
120225197002080815
450621198207100450
120225197708150010
120225197012245871
120225197111250019
120225196301120018
120104198409022913
120225197508170017
110108197108266032
120225196301250090
120225196310080070
120225196304070036
120225198106095717
120225196409010072
120225196204120091
120225197504020011
120225196307120051
120225196901100299
120225196302040095
120225196212051495
120225197211010178
120225196010070033
130603196810110948
120225196903170012
120225196411050110
120225197412270021
120225197508200298
120225196302030057
120225196402220018
120225196201080071
120225197707230027
120107196607204531
120110197808251214
120221196703180018
220204197006172719
610103197201091616
14010319701115242X
13233019720520243X
120113196906174413
120224196604040019
120221197901030031
120221197907140813
120221196610271850
120221197010161118
120221197906090041
12022119740826001X
120221197612180017
120221197009162025
371422198101047424
120221197707300018
120221197112250058
120221197606041846
120221196512060611
120221197405260014
120105197306253331
120221197609041315
120221196403260016
33010619661230082X
12022119770718001X
120221197009180012
120221197003120019
120221197012170026
120221197007041617
120221197007040016
120221196506250013
120221197012210016
120221196112100039
120221197103091518
120221197903080032
120221196303272634
120221197008150014
120221197005020038
120221196508140037
120221197308130015
120221197307140051
120221198307080057
120221196810010014
120221197504232414
120221196902120034
120221197202270052
12022119720323001X
120221197711110014
120221196607190013
120221197208270512
120221197004060353
410304197306111548
120221196401180055
120221196411260032
120221196309180036
120221196904080013
120221196202100817
120221197509180019
120221197004280014
12022119640718003X
120221197102160091
120225197308270275
120224196001220037
12022119590212003X
120104197004046031
429003197409197214
120224196404010042
12022419621105003X
120224196311090039
120224196606156074
120224196703070037
420821198110164357
120224197810075014
120224197702287511
120224198111146236
120224198209302612
120106197811151033
120224196810096611
120224197203300021
120224197807010738
120224197103204235
120224198203221512
120224197209120013
120224196901183016
120224198201290717
120224198208030010
120224198301140054
110111197301020331
120224196111124011
120224197608200010
120224196602230038
120224197308240010
120224198305201352
120224197208092225
120107197201184512
120224198305202216
120224197108070045
12022419820523005X
120224197807020012
12022419721022053X
120224197701204016
120224197903040013
140102197705236031
120224197511120014
120224197403117512
120224197310250058
120224197308200051
120224197210240039
120104196704306354
120224197701242637
120224196303140059
120224197009130030
120224197704266618
110108197108096037
110108197607126018
420502197701050116
120111197408120529
370725197501180216
120110196301060932
120222197002060014
120102197607250215
120225197210221870
12022519710920067X
220604197309210024
120222196202270011
12022219691219413X
120222197412093142
120222197601230038
120222197610220018
120222197410262010
120222197505231823
120222197310105026
120222198305140016
120222198005087524
120222197610037520
120222197108282934
120222197211090033
150122197604193543
12022219690828401X
120222197210020025
120222196603230053
612132197505260021
120114196412060017
120222196903150012
12010919631025651X
120222196601200037
120222197209266212
12022219710715085X
120225197306064320
120222196810055219
120222197001290053
120222198211117819
120222197605067514
120222196207185211
120222197711117837
120222197809065238
120222196302135319
120222197909047838
120222197603310015
120222196206221639
120222197301180016
120222196803290106
120222196611290013
120222196401030061
120222196407200068
120222197704180010
120222196905164813
12022219730115183X
120222196504167810
120222196212286439
120222196410010011
120222196210157510
120222196612227518
120222196603110035
12022219671116361X
120222197206042619
120222196709172939
120222198107097555
120222197501130013
120221198211180029
120222196611150037
120222197504010033
120222197001195216
120222195905137511
120222196809206737
120224198011200020
120222197004261418
120222196903270022
120222197303060034
120222197809157511
120222196506280016
120222196802150056
120222198110197821
120222198302017864
120222197710290013
210703197207153011
120222197403070010
120222196305110037
620105197305100024
120222197803230028
120222196311114835
12022219781020002X
120222198301107817
120222196909044210
120222197109060014
120222197305114016
120222197111270010
120222197501270024
12022219791014001X
120222196812010057
120111196609250018
120222196202012215
120222197302250020
120222196510012217
120222196309290098
120222197504202617
120222196604210011
120222197310107814
120222196210247516
120222196012275217
120222196003010057
120222196404230050
120222196902270012
120222196506165819
120222196410170058
120222195907117813
120222197702263410
120222196811110013
120222196605020017
120222195908220011
120222195906090014
120222196211110052
120222197412260035
120104196904256339
120105196112290316
120223197803110196
23212519750404041X
370722197210177851
120223197009304436
120114197205030426
110108196709132270
12022319671027017X
120223196204040195
120223196211174474
120223197701195520
120223198111013517
120224197010310020
120223198110150210
12022319790302501X
120223197707070198
120223196604030172
120111196611150016
120223197309090177
120223196509210212
120223197608230619
120223198204160620
120223196911080209
12022319820616537X
120223197903145812
43010319700210453X
120223196209230211
12022319731201081X
120223197612160430
120223197209043517
120223198111062693
120223198008304818
120223197510100170
120223197810241215
120223196304020415
120223196409060173
120223197702240418
120223198209115394
120223196504060171
120223197401284441
120223198401054421
120223197109170615
120223197511110194
120223197601105014
120223196306070176
120223197503150612
120223197904050196
120223196612060179
120223197512042015
120223197301010179
120223197610080218
120223197806230193
120223196601120172
120223197412163530
12022319680615021X
120223197608020814
12022319741005017X
12022319750710017X
120223196808125173
120223197502200016
620402196603074357
120223198110020192
120223197907200196
120223197607190176
120223196207300191
120223197812100416
120223198003053511
120223196606190196
120223196407315371
120223197408160177
120223196306270178
12022319681109016X
120223196903153519
120223197809270166
120223196605310168
120223196409030177
120223197211010167
120223197012280180
120223197112120168
120223196202170199
130705197112250356
120101195804092038
120106196401010030
610303196207052497
120101195901290511
120103196708155411
220222197303013530
120104196701285535
120101197208252540
120104196410076370
120102196503161416
370881197410191119
120102196709120927
120103195902172632
220421197211190024
420106197212164810
120105198307050047
220181197410165024
120103197402146111
420106197302144848
120104196809066035
120225197410106164
120106197203194523
130603196704190913
120224197811012410
120224198004261917
120106197612283017
522622197909074519
220402197702190011
120103198209223212
140203198107150023
420500197105250071
120104196301220011
511126197305082628
120224198004011950
37142119811226003X
220203197903210635
620421197909161318
120101197903261043
150204197301232149
210726198003024532
211224197304210423
142201198304051453
371122198112090659
120112198304040410
120102198302283213
120101198302083039
120105196911130335
120102197105191438
120102198608301250
120104196501296328
120101197102061519
120224197709142614
372324197908282031
120104197703093814
120221198205150018
120103196602074218
12010519621114391X
120102196312301412
120102196211111417
120105196309080910
120103197309103213
420106196805124908
120110196912060333
120101196512110534
120109197206121011
610103196503132415
120111196504110035
120104196502176336
330825197702184553
120113196404040036
120104195910102155
120101196307224030
120104197206216318
120106196302102095
120101196207182558
120111197112022532
120224198210147525
120103197012282628
120224197706115020
120105198312191821
120102197710230722
120108198011301029
120104197107222915
120101198312063517
120225197108302519
120105197209210313
120113197807273218
65010619730620306X
110108197212018979
362321197206080012
450322197909206538
120108198111291577
230803197902170832
120102198103010730
430103197001041127
120221197107030018
12022419821126001X
120105198503211813
120102197802111747
420619197306280037
152324197909224510
12010119820906401X
132928198006100911
120102197007281077
120104197310096029
120105198009120019
120103197202203214
130203197912283615
120109198107156512
43230219711030771X
120101196505072023
120101197202162018
150203197206251513
120106197211020558
120104196509246333
12022519730923003X
120101196408072574
420106196906224940
110108196609269077
130921198202105676
13060319680329091X
120107196705212711
120108196010270014
120106197505050517
110108196308252300
370724197103146112
120102196312241712
360111196411260012
120222197304026719
120103197008102612
120102196110021455
120105197112270010
120224197005172815
120103198206184537
120113197105073211
130603196910241849
132822197904281234
120102197303071445
232321198110102075
610103198211082013
120223197906210173
120102196303240718
120102196309171477
640202198302230039
430503198201141524
120221197512223016
220204197103042756
61012519711130433X
120224197410272430
222426198302114711
120102197108181737
370782197709082874
370223197012053339
120104196803186335
152634198410020635
120102196410021094
120109197710225514
120223197007075377
130185198110204018
120106196502102516
370825197205022198
120102197012151269
120222197208020034
120104198108052932
120111197206260064
120102198209162927
120224198103203624
120111197010310031
120102196211191074
229004197310290012
120103197008010726
120101197408150514
120222197403212613
12022319820125121X
120102196404150551
120224197504190014
120106198112193511
120105196501291435
520203198504300815
120102198107143178
12010219741231141X
120103198307292633
120106196501182016
120103196212134537
120102196303201073
140102197005242019
120104197709103526
12010219621226073X
640202197203220017
120102197102181066
120112197710080421
420106197009174896
140227197612200833
350203196505294057
120104196606076815
12010419680815691X
220204197008262734
120105196205100315
350103197206060030
120103196302182110
120101196401191511
120105196312110316
120103196810030017
120101198510261012
120104196909102515
120102198204130942
120105196209100312
120103196907085452
120224197805164215
330402198211251211
120101196504035511
120101197304270538
120104198101246320
133031197710074513
120102196510202474
120106198006245517
120105197210310039
120101197107013524
120221196804070336
120108196209014552
120105197010230018
120102197208173275
120103198202214524
11010519690531411X
131025198405310319
12010519681208031X
120102197310211442
12010219680214144X
120225198702130013
120221198207220024
120102197004021069
120105197310200021
120105197202230020
120102197901081723
120104198412020839
640111196903180331
120103197106186418
120102196309110578
120101198002061540
120102196211121519
120104196812055118
120104198405252551
210103196310230911
120101198105123011
120109196807066519
120108196909220525
120108197302230510
513029197211271853
120102197207291421
120102198112220377
120105196612210319
220225197203102658
120106196309091034
12010519780310242X
120106197108043014
120107197111285117
120223196603070180
420106196803064999
630121197303133115
430103197211051059
120102197008021074
120223197203173134
120105197009225123
110108197204106012
120104198210027661
420106196707154951
120104198007281525
140402197009070820
610426197907100925
120105196112015111
140103196910232453
120105196304193617
120110197105041536
120104197608084717
120102198203160322
11010819721020601X
120102196209131435
120224197001130511
120105196612185125
120224197706223814
120103196204165157
120224197109221511
140104196905120058
120101196902162532
120101196402063052
120101198303254530
220302198111080637
120106196307113033
140104197006100015
120221198402172814
120105197112154810
142726198204050319
120108198407191014
120106198410237033
12010319630428003X
12010519660624423X
120102196503210919
232602197002223358
120104198409240435
120105196201053638
120102196412101418
120225197105041333
120102197112201171
120106196402294012
120110197101272417
130681198308071259
22072119880803181X
120225198111150098
120105196811281216
120103196311303818
110108197207166037
220723198312172419
120105196209290013
120102197105201413
130902196210280011
120224197405065015
120102196305170733
120101197110283015
422123197202070034
120106198012113510
120102196512051411
110108197106156032
120102197207231170
120104197409156335
120104196008133832
120108196002210011
120103197502151719
422124197502221953
120108196501270035
120101197308200510
120102198107151418
12010419760919212X
231084198108293624
120101197312191557
120101197105184522
61032619721025163X
130603196708270945
120221198703010018
120103197701213214
120101197707120526
120103196811160710
120103198208202639
120103197701240714
120106197702082526
120106197105290554
120104197701256018
120105198107250917
22062119700518031X
120106196902221012
120106197211020152
120108196306171015
120110196504240925
120104196406136318
120103196801095417
320223197302246172
12010419660206637X
120103197203084245
120102196510311072
120102196901161489
120222197710061819
120102197007102040
120103196212234810
120107198211203937
120221198701040010
220204197203262721
120102196302122090
120102196509250524
120224197103150935
120106197511140527
120110196904100331
120102196110282030
120105196212114811
120101197112151024
120102196308172013
120103196301315831
12010319620313421X
120102196907161754
120105197112180613
120102196802102475
120223197201095371
120102198112070516
120110196910261211
120103195811221734
12010319600906385X
12010119620222507X
120110197512240911
120104196404046327
120110196211080016
370828196902071619
220204196801022926
120102196011071414
120101195904143015
120102197306262466
130603197201063124
120221197305120014
440520196908300313
120104196503102128
12022519771215601X
372423197002152811
120106197402270031
650105197204130713
120101196401242518
120105196311055116
130324197202115112
120104197812151518
120105195602220017
120102197305063166
120106196804240068
120101197306304519
130603196708270937
120106196902072037
120105195808243310
12022219631029001X
12010519621119221X
120102196402182031
120105197710155717
12010319580425321X
120102195903100511
12010519690624512X
120104197105066015
120104198305090428
120102198002191165
120103197603054512
120225197607270080
372922198205081713
132928198011152724
120105198106245112
620423198102202024
420821198511104056
120104196103112538
120105198009270922
120106196010234010
12010119760504303X
22030219870721021x
130684197910130017
120102198605025617
120102196106070510
12010419630305511X
120101197004030014
120104198111090825
120105196602214519
120108196906270519
120104196304256319
120223196508105517
120101197203300013
120110196407050935
120102197112181078
120110197511250915
12010119791007051X
120102197303270022
420106197801124841
12010219740115173X
12010319710116261X
120222197109087313
120224197210241154
120102197207202492
120101196903313515
120104196906274717
120101196812301017
230921197612121213
120105196112170330
120104197305216014
110221197403032622
120104196804194361
120105196210090019
120113198010160819
120102197403281722
120103196304065444
120105197109170043
130229197102156810
120102197301161068
120105196205235113
120105195504033373
120104196301260857
120105195603183916
12010519740302002X
120102196506101937
120106196309024536
120101195604260551
440301196908255612
12010319650811421X
120102195612052177
12010419570602601X
120102196603121278
120105195707262432
120106196203160038
120103197505090317
120103195709166417
120102196811081098
120101197409233012
372422197402020432
120106197207025516
120102197207021093
120104197109056359
120105197305275117
120105197109192410
120105195903064513
120101196007281519
120105196211041534
140522198101021023
120104196402052571
120112197207070437
120105196002040017
350102197303025812
120102196102021439
120113196410132017
133026197203052431
120105197310291824
120103197302155432
12010219631202171X
12010519680801511X
120102198007011063
120101197111255032
120105195709104219
120222197601274436
120104196907100014
12010519621209091X
130203197102020610
120103196508260313
12010419600723253X
120105197004220614
120102197608061432
120101197804233020
120101196907012015
120105196507183339
120103196205123610
120106197002164512
120103196212110033
120102196603100784
120105196307201221
120108196502092031
120105198010072720
120102197212142025
110108197302126017
120102197105281417
133030197101140312
12010419660719635X
120221196405140018
120104195809020833
12010719621119455X
120104196307060039
120102196511281637
120105197104060910
120105196210021232
142223197604105111
120105197009060015
230403197110230516
120105197002155118
120105196108244210
120113197309121625
120102197410252479
370103196402120538
120103197305195448
120101196511223027
120103197001140018
12010219571101175X
120103196906285815
120102196009231714
120110196407050919
120102196104261452
110105197102044114
